16499385064471040239
16499385064646017309
16499385064849950113
16499385065043040663
16499385065224063789
16499385065411076433
16499385065601229439
16499385065795333869
16499385065992208613
16499385066186248593
16499385066378422879
16499385066570020833
16499385066757387209
16499385066945702983
16499385067135451173
16499385067325961949
16499385067514440323
16499385067706917733
16499385067901085129
16499385068094489733
16499385068289586373
16499385068481108809
16499385068675016379
16499385068868340243
16499385069060932479
16499385069252444349
16499385069451856299
16499385069646353499
16499385069838428673
16499385070029319259
16499385070218894103
16499385070401879049
16499385070591969819
16499385070782864649
16499385070970917653
16499385071157403843
16499385071345341863
16499385071529838649
16499385071718105179
16499385071904417849
16499385072093481763
16499385072279255199
16499385072465298963
16499385072653289229
16499385072843666479
16499385073030124329
16499385073210324479
16499385073390654803
16499385073575253439
16499385073754837843
16499385073934482263
16499385074112539499
16499385074293249443
16499385074477842503
16499385074661208353
16499385074862773259
16499385075049762753
16499385075233410643
16499385075424555309
16499385075617071223
16499385075799578753
16499385075990102853
16499385076177017553
16499385076368357949
16499385076549735499
16499385076740256243
16499385076923594883
16499385077109051469
16499385077298209839
16499385077481217179
16499385077670318693
16499385077859620969
16499385078050669129
16499385078233552589
16499385078423966319
16499385078607739579
16499385078797947733
16499385078991041449
16499385079181203123
16499385079367202299
16499385079553711063
16499385079743244983
16499385079935907393
16499385080126198729
16499385080312851949
16499385080503249019
16499385080691615179
16499385080878343949
16499385081065349579
16499385081255291443
16499385081445918693
16499385081634577623
16499385081825135259
16499385082012980673
16499385082200727393
16499385082386904159
16499385082575540483
16499385082767913633
16499385082958830133
16499385083148887763
16499385083337429119
16499385083526334909
16499385083715098453
16499385083899646883
16499385084085686963
16499385084275039609
16499385084465982213
16499385084655392243
16499385084849477413
16499385085051438033
16499385085251986649
16499385085445025703
16499385085636983303
16499385085822295063
16499385086009164959
16499385086194497443
16499385086378316993
16499385086565029653
16499385086753965073
16499385086942539579
16499385087130174459
16499385087316271389
16499385087505295129
16499385087692172239
16499385087880262299
16499385088065408853
16499385088250216559
16499385088435128673
16499385088617951383
16499385088803572583
16499385088988508619
16499385089175015359
16499385089365832213
16499385089549721393
16499385089737090353
16499385089927788539
16499385090109480323
16499385090295954669
16499385090481409389
16499385090665392089
16499385090849501999
16499385091031433603
16499385091214658533
16499385091400271953
16499385091588815703
16499385091773479873
16499385091959114583
16499385092146789093
16499385092334042139
16499385092519777769
16499385092705093049
16499385092893506989
16499385093081084459
16499385093266425839
16499385093451158883
16499385093637008059
16499385093822188329
16499385094011453173
16499385094197198803
16499385094385769783
16499385094577329069
16499385094767135769
16499385094951698639
16499385095138137609
16499385095326698029
16499385095517773599
16499385095715393703
16499385095904825979
16499385096092326969
16499385096276937413
16499385096460740879
16499385096647496853
16499385096834509333
16499385097020783499
16499385097205781179
16499385097388759819
16499385097575890053
16499385097773610749
16499385097960275999
16499385098143899063
16499385098326511223
16499385098514490353
16499385098702733363
16499385098893278753
16499385099078831819
16499385099266874823
16499385099454917653
16499385099638437599
16499385099823115099
16499385100009556273
16499385100195334133
16499385100379452029
16499385100568318559
16499385100755447863
16499385100942775703
16499385101126470649
16499385101308846699
16499385101494483063
16499385101680388513
16499385101872141129
16499385102057561573
16499385102242536859
16499385102429230433
16499385102615175529
16499385102798394909
16499385102984025359
16499385103170192833
16499385103355706433
16499385103541362089
16499385103727970483
16499385103911775609
16499385104099546959
16499385104284570009
16499385104466293283
16499385104655658699
16499385104840124729
16499385105027730513
16499385105212674139
16499385105396858483
16499385105584615039
16499385105772353043
16499385105956926663
16499385106145154673
16499385106332823813
16499385106521584963
16499385106706013229
16499385106895521229
16499385107085762723
16499385107273149633
16499385107460655449
16499385107650169543
16499385107837347203
16499385108024117849
16499385108211372539
16499385108396942243
16499385108589588533
16499385108779342643
16499385108969030453
16499385109156788299
16499385109348027759
16499385109534719129
16499385109723603603
16499385109908690009
16499385110097382639
16499385110283581049
16499385110472499603
16499385110660459283
16499385110849738583
16499385111039692329
16499385111221022263
16499385111409280833
16499385111599005873
16499385111785340589
16499385111978579279
16499385112166747093
16499385112357819893
16499385112546588823
16499385112736230729
16499385112919261579
16499385113107162189
16499385113293778189
16499385113481832319
16499385113668823129
16499385113857093549
16499385114045784329
16499385114234003443
16499385114422982373
16499385114608967659
16499385114798379713
16499385114984111659
16499385115168787309
16499385115353638133
16499385115539975449
16499385115726358109
16499385115915427393
16499385116096860509
16499385116288867919
16499385116477610189
16499385116664860243
16499385116855319333
16499385117044719389
16499385117233293313
16499385117421484299
16499385117604888103
16499385117792911303
16499385117983644663
16499385118170031419
16499385118357313149
16499385118543191929
16499385118731200673
16499385118919522779
16499385119101164373
16499385119287613153
16499385119474629529
16499385119661647733
16499385119849542799
16499385120035364723
16499385120219886663
16499385120404511953
16499385120588247439
16499385120777271369
16499385120964525303
16499385121160001579
16499385121351673259
16499385121538048699
16499385121730601849
16499385121915099523
16499385122103422343
16499385122287891333
16499385122474762693
16499385122661649259
16499385122850396513
16499385123034206639
16499385123221712053
16499385123408789153
16499385123604279129
16499385123797290969
16499385123984495093
16499385124174825689
16499385124365729229
16499385124556692743
16499385124750137363
16499385124940024613
16499385125135365519
16499385125326438853
16499385125524002319
16499385125714364009
16499385125901908139
16499385126088904673
16499385126271562959
16499385126454801573
16499385126639306673
16499385126826093223
16499385127012874213
16499385127197259149
16499385127381583303
16499385127567422273
16499385127751860909
16499385127936584889
16499385128124995679
16499385128309483543
16499385128496654533
16499385128682858699
16499385128869732263
16499385129052878319
16499385129237183049
16499385129427266213
16499385129614614619
16499385129800848959
16499385129987541793
16499385130174069289
16499385130360935099
16499385130544922593
16499385130730766003
16499385130914654639
16499385131104129473
16499385131288849769
16499385131476856859
16499385131661099173
16499385131846230183
16499385132033540243
16499385132218869789
16499385132402433609
16499385132588095713
16499385132772406569
16499385132956589439
16499385133144856719
16499385133334724693
16499385133521825123
16499385133709400183
16499385133895132673
16499385134079652583
16499385134265755813
16499385134450467573
16499385134641432773
16499385134829058029
16499385135019531949
16499385135210358983
16499385135399776613
16499385135588089443
16499385135784415149
16499385135976991069
16499385136166680169
16499385136352932083
16499385136540824559
16499385136729688293
16499385136915472263
16499385137102556403
16499385137288512239
16499385137475377473
16499385137665804903
16499385137853065333
16499385138038592273
16499385138226753819
16499385138411481123
16499385138601097469
16499385138790397863
16499385138974305019
16499385139162148219
16499385139352060823
16499385139539397759
16499385139726480583
16499385139913488809
16499385140098254089
16499385140287120059
16499385140477023609
16499385140662071469
16499385140852081689
16499385141038642853
16499385141227343099
16499385141414192593
16499385141602150243
16499385141789920293
16499385141972701523
16499385142157502559
16499385142343715599
16499385142531079179
16499385142719841069
16499385142908680913
16499385143096372823
16499385143285209179
16499385143471451659
16499385143659298939
16499385143844306059
16499385144032417039
16499385144220077099
16499385144408894343
16499385144594374243
16499385144780685449
16499385144965821633
16499385145154828719
16499385145342183599
16499385145529706249
16499385145718893313
16499385145919013953
16499385146117464243
16499385146314704569
16499385146510948779
16499385146705702983
16499385146900330189
16499385147099234559
16499385147294478409
16499385147488240403
16499385147683482239
16499385147877493313
16499385148074029733
16499385148264769383
16499385148457078083
16499385148638142113
16499385148818407633
16499385149006826219
16499385149204754669
16499385149390060663
16499385149569092879
16499385149755247943
16499385149941757469
16499385150128183099
16499385150313232079
16499385150502835999
16499385150691606779
16499385150878942029
16499385151064508409
16499385151247274079
16499385151429909553
16499385151616318349
16499385151801665279
16499385151986952409
16499385152172122483
16499385152357279439
16499385152539515473
16499385152724168539
16499385152909736959
16499385153094921473
16499385153282170053
16499385153469524563
16499385153656029073
16499385153841921019
16499385154028701633
16499385154214266539
16499385154397803499
16499385154580896373
16499385154768606639
16499385154956415209
16499385155139341793
16499385155324434859
16499385155509636239
16499385155694045953
16499385155880391039
16499385156063379473
16499385156250526589
16499385156438565703
16499385156632511413
16499385156819665553
16499385157008657279
16499385157197713609
16499385157384710159
16499385157573118169
16499385157760958409
16499385157949744009
16499385158137137573
16499385158324415783
16499385158510972513
16499385158695968903
16499385158880339553
16499385159066226483
16499385159252486373
16499385159439406269
16499385159626212639
16499385159819606879
16499385160008958563
16499385160195278453
16499385160384997389
16499385160572960589
16499385160758053813
16499385160941648379
16499385161128750479
16499385161318297919
16499385161506980903
16499385161694745789
16499385161882241763
16499385162071625683
16499385162256822433
16499385162442862883
16499385162631213303
16499385162819937043
16499385163010497449
16499385163198525099
16499385163388042349
16499385163575794433
16499385163760938033
16499385163957940399
16499385164142372883
16499385164328951473
16499385164516678399
16499385164705049173
16499385164891662753
16499385165078032273
16499385165263572189
16499385165450314479
16499385165636906563
16499385165825393283
16499385166011555393
16499385166200300079
16499385166389160293
16499385166579016983
16499385166769166273
16499385166957462423
16499385167141603099
16499385167327784823
16499385167517272453
16499385167703961979
16499385167892882743
16499385168078962083
16499385168265566593
16499385168453049063
16499385168641567819
16499385168830248593
16499385169025221153
16499385169220540939
16499385169408981893
16499385169594846249
16499385169784990513
16499385169968401553
16499385170157322719
16499385170345270353
16499385170532206343
16499385170719034183
16499385170906236669
16499385171091556749
16499385171280530113
16499385171463612263
16499385171653996723
16499385171840193463
16499385172027877043
16499385172216481153
16499385172403271223
16499385172591266273
16499385172779711339
16499385172967865279
16499385173154862749
16499385173341018189
16499385173531151713
16499385173722976163
16499385173920855179
16499385174115125899
16499385174307466993
16499385174498110343
16499385174690300169
16499385174876854293
16499385175060464593
16499385175251449973
16499385175441968693
16499385175630802993
16499385175820889149
16499385176008361973
16499385176194523523
16499385176380023069
16499385176565205363
16499385176750685813
16499385176936999223
16499385177123716693
16499385177307483463
16499385177497405713
16499385177683849303
16499385177869746423
16499385178057729819
16499385178241815093
16499385178426102239
16499385178610726779
16499385178796654613
16499385178982306183
16499385179168892913
16499385179356403919
16499385179550367393
16499385179739317259
16499385179927634883
16499385180112331849
16499385180297359339
16499385180482276273
16499385180667493393
16499385180852067209
16499385181040167439
16499385181226092133
16499385181413562933
16499385181596028809
16499385181782578319
16499385181967523943
16499385182156953793
16499385182343740169
16499385182529003943
16499385182715949013
16499385182902637043
16499385183088686373
16499385183275207019
16499385183462658723
16499385183647930293
16499385183833543153
16499385184016083469
16499385184203723709
16499385184391782823
16499385184577017179
16499385184762521873
16499385184949417493
16499385185137094969
16499385185323079869
16499385185516735943
16499385185707992079
16499385185897473943
16499385186085201979
16499385186271424639
16499385186456743603
16499385186642940343
16499385186827666379
16499385187012781279
16499385187197017653
16499385187383334023
16499385187571821309
16499385187758523039
16499385187941465363
16499385188129239303
16499385188334515449
16499385188543742829
16499385188729023633
16499385188917154809
16499385189100416219
16499385189289451793
16499385189479574429
16499385189666938559
16499385189852734939
16499385190038903143
16499385190228851683
16499385190419561523
16499385190612296693
16499385190808296109
16499385191009415603
16499385191208576639
16499385191403558269
16499385191605280559
16499385191798594989
16499385191994025129
16499385192187557313
16499385192381147869
16499385192580611289
16499385192775541259
16499385192972585253
16499385193165170803
16499385193358126343
16499385193546409179
16499385193738253259
16499385193930378053
16499385194120871979
16499385194319367073
16499385194513097413
16499385194710603659
16499385194899163149
16499385195094221259
16499385195292328029
16499385195482290263
16499385195672723623
16499385195863592169
16499385196055073839
16499385196246292353
16499385196438262559
16499385196625055943
16499385196814089123
16499385197003314343
16499385197194112889
16499385197382464239
16499385197568432649
16499385197754543813
16499385197943024249
16499385198131262613
16499385198316462883
16499385198504260909
16499385198690629303
16499385198876206989
16499385199063673529
16499385199249502489
16499385199435098673
16499385199621876323
16499385199806454029
16499385199992605769
16499385200178945099
16499385200364449999
16499385200549703393
16499385200735382183
16499385200922146323
16499385201109335659
16499385201296178293
16499385201479316003
16499385201664266643
16499385201849093419
16499385202034973473
16499385202216957863
16499385202402715179
16499385202590101529
16499385202774538109
16499385202963596833
16499385203153667979
16499385203341343203
16499385203529820859
16499385203717577759
16499385203905442809
16499385204093070263
16499385204279603843
16499385204466097623
16499385204654508773
16499385204844337709
16499385205030932399
16499385205219427259
16499385205402194213
16499385205589239849
16499385205781208353
16499385205971086169
16499385206161423953
16499385206348962539
16499385206533603173
16499385206720423603
16499385206903922989
16499385207097913709
16499385207284533769
16499385207470800139
16499385207660082399
16499385207850754079
16499385208038463949
16499385208225815473
16499385208412180913
16499385208599655979
16499385208787423999
16499385208972932409
16499385209159942273
16499385209348871383
16499385209537556803
16499385209725643703
16499385209912080803
16499385210099676059
16499385210287826479
16499385210476015789
16499385210665971549
16499385210852497713
16499385211040152409
16499385211230485579
16499385211417653979
16499385211605034029
16499385211794573863
16499385211981912269
16499385212168741763
16499385212355644429
16499385212542739119
16499385212735857069
16499385212923180649
16499385213113454723
16499385213302439039
16499385213490156113
16499385213676598963
16499385213863438669
16499385214046175253
16499385214233775123
16499385214419763713
16499385214604986029
16499385214789898159
16499385214975242483
16499385215160116273
16499385215344223783
16499385215531067733
16499385215718292053
16499385215904843233
16499385216090449999
16499385216271400853
16499385216457450193
16499385216640747893
16499385216825917793
16499385217009804003
16499385217194395393
16499385217379273813
16499385217567068879
16499385217753547469
16499385217937282003
16499385218125885759
16499385218316585943
16499385218503515469
16499385218690722569
16499385218876005413
16499385219062678993
16499385219250388673
16499385219441860533
16499385219629511899
16499385219816294723
16499385219999669463
16499385220191120409
16499385220377073819
16499385220561420399
16499385220749335259
16499385220935979383
16499385221119099863
16499385221304741999
16499385221490929463
16499385221675140853
16499385221860940743
16499385222043755303
16499385222229947783
16499385222416798773
16499385222600727943
16499385222783430833
16499385222968832403
16499385223154269893
16499385223339287769
16499385223529863143
16499385223718572993
16499385223906125469
16499385224094267369
16499385224286332163
16499385224479376963
16499385224681382583
16499385224871244643
16499385225061919473
16499385225257489819
16499385225452159393
16499385225643920133
16499385225829592079
16499385226015353443
16499385226200783893
16499385226297794909
16499385226390713733
16499385226489284729
16499385226580719683
16499385226679020319
16499385226771337843
16499385226868934023
16499385226965431703
16499385227072266663
16499385227170585069
16499385227270891393
16499385227367494639
16499385227458778293
16499385227557490779
16499385227650015523
16499385227749543179
16499385227843961439
16499385227940152993
16499385228037123279
16499385228130500423
16499385228227588479
16499385228319377683
16499385228418424773
16499385228511069739
16499385228610808859
16499385228706703383
16499385228797544273
16499385228896639529
16499385228992636083
16499385229088326743
16499385229178998563
16499385229276460509
16499385229367380109
16499385229463705173
16499385229557860853
16499385229652032829
16499385229746862379
16499385229838859733
16499385229934158533
16499385230028109763
16499385230125489653
16499385230220285519
16499385230315796343
16499385230411742559
16499385230503790109
16499385230601215369
16499385230692905863
16499385230788765223
16499385230880459443
16499385230977660269
16499385231072113899
16499385231167840479
16499385231264593519
16499385231357059203
16499385231452438569
16499385231545926109
16499385231642459873
16499385231734828163
16499385231831445473
16499385231926227069
16499385232018619413
16499385232115481369
16499385232209071843
16499385232303888803
16499385232397803363
16499385232494509923
16499385232586223609
16499385232682608319
16499385232779593013
16499385232874116643
16499385232974612053
16499385233075960593
16499385233178741893
16499385233278285659
16499385233375727203
16499385233476304273
16499385233573606029
16499385233675234003
16499385233773083143
16499385233875425949
16499385233974214693
16499385234067663333
16499385234166791179
16499385234260883519
16499385234355384723
16499385234453400343
16499385234548939703
16499385234649843449
16499385234749357759
16499385234845448959
16499385234941928293
16499385235037669493
16499385235133782009
16499385235230416539
16499385235324022219
16499385235414427363
16499385235510830963
16499385235607159013
16499385235702905609
16499385235799120329
16499385235898801843
16499385235996089519
16499385236088162053
16499385236177566879
16499385236271234959
16499385236365577653
16499385236458672773
16499385236557920809
16499385236661285439
16499385236757221063
16499385236856024823
16499385236954176003
16499385237048786483
16499385237145804909
16499385237243263689
16499385237340731333
16499385237436224773
16499385237534936879
16499385237630714183
16499385237722767653
16499385237821833839
16499385237915280053
16499385238013289579
16499385238106214883
16499385238205971049
16499385238299424509
16499385238393819069
16499385238489401923
16499385238584063333
16499385238681877119
16499385238773668913
16499385238871090859
16499385238963633209
16499385239063155849
16499385239158704823
16499385239253675869
16499385239350794263
16499385239443354773
16499385239541309849
16499385239631714829
16499385239731670239
16499385239824775929
16499385239922940249
16499385240025153763
16499385240121169979
16499385240220741123
16499385240313772379
16499385240412138903
16499385240510049549
16499385240608950693
16499385240707454643
16499385240806700269
16499385240905414753
16499385240995930669
16499385241091462053
16499385241186293279
16499385241291480833
16499385241386217439
16499385241484447129
16499385241581758673
16499385241669542029
16499385241767929689
16499385241864514399
16499385241958710249
16499385242049490213
16499385242149243049
16499385242243547049
16499385242338281599
16499385242437999419
16499385242530135473
16499385242625240589
16499385242718249043
16499385242813961369
16499385242906305769
16499385243000758643
16499385243096354663
16499385243187909253
16499385243285039529
16499385243379324649
16499385243474936023
16499385243568568569
16499385243665636773
16499385243759927279
16499385243856327549
16499385243954951869
16499385244046342373
16499385244140029523
16499385244231499863
16499385244326260343
16499385244417244029
16499385244513301529
16499385244607435529
16499385244700320643
16499385244795247783
16499385244891353063
16499385244989531289
16499385245081985303
16499385245178874649
16499385245272599769
16499385245368962993
16499385245465035493
16499385245560692269
16499385245656151439
16499385245750810619
16499385245848261793
16499385245941339709
16499385246038549609
16499385246131586399
16499385246226481863
16499385246319137363
16499385246414994509
16499385246508801463
16499385246602567709
16499385246700419819
16499385246793278823
16499385246890957979
16499385246989220639
16499385247083588883
16499385247177601419
16499385247271408003
16499385247367577369
16499385247461048583
16499385247557384989
16499385247651097683
16499385247746303893
16499385247840778263
16499385247937035573
16499385248032807333
16499385248126025069
16499385248224655869
16499385248316956749
16499385248414169419
16499385248505489923
16499385248605304593
16499385248701689873
16499385248802052879
16499385248897934459
16499385248989578489
16499385249087857629
16499385249180319043
16499385249277292479
16499385249370336859
16499385249466027683
16499385249559524489
16499385249647367633
16499385249744606799
16499385249864767863
16499385249967732329
16499385250091132613
16499385250185964779
16499385250282434103
16499385250384178193
16499385250481002903
16499385250579097413
16499385250674773623
16499385250767658399
16499385250866050853
16499385250959519863
16499385251058486583
16499385251151344673
16499385251247456639
16499385251341019529
16499385251436201119
16499385251534483203
16499385251628687013
16499385251726876343
16499385251817978343
16499385251915778059
16499385252009247793
16499385252105851229
16499385252201419099
16499385252298765289
16499385252394630749
16499385252488546963
16499385252586473709
16499385252679402729
16499385252778691119
16499385252871594563
16499385252969458539
16499385253064766023
16499385253158561899
16499385253255096619
16499385253347447869
16499385253444033689
16499385253536171609
16499385253633267223
16499385253729574533
16499385253828218853
16499385253922794513
16499385254014485789
16499385254111863443
16499385254206809473
16499385254304409369
16499385254397937813
16499385254496744343
16499385254591873153
16499385254685124959
16499385254783710373
16499385254875505703
16499385254972664673
16499385255066716823
16499385255165198939
16499385255258625359
16499385255359100563
16499385255453309759
16499385255546428409
16499385255642430169
16499385255736486193
16499385255832884423
16499385255924545123
16499385256022484823
16499385256115209953
16499385256214129099
16499385256309804749
16499385256402044133
16499385256500421413
16499385256592453043
16499385256689770539
16499385256781856773
16499385256874454329
16499385256971318669
16499385257068168183
16499385257166623259
16499385257258738193
16499385257356850483
16499385257449338409
16499385257546590693
16499385257638870273
16499385257733499289
16499385257828604563
16499385257922793949
16499385258022069739
16499385258116450219
16499385258215079333
16499385258306788743
16499385258401276263
16499385258495999143
16499385258593369049
16499385258687948033
16499385258781738169
16499385258876278459
16499385258967720829
16499385259065418293
16499385259156669389
16499385259254949449
16499385259352089899
16499385259450008669
16499385259546930969
16499385259639494989
16499385259740352963
16499385259836043063
16499385259932844829
16499385260026706429
16499385260126330343
16499385260220180479
16499385260313863543
16499385260411948423
16499385260505744103
16499385260601709389
16499385260694442103
16499385260793668089
16499385260888592993
16499385260985707529
16499385261082061689
16499385261175894023
16499385261276728879
16499385261368356799
16499385261464795039
16499385261555984243
16499385261656568723
16499385261752688459
16499385261848129849
16499385261948988753
16499385262040267999
16499385262138046933
16499385262243149339
16499385262341272163
16499385262432737313
16499385262530705523
16499385262623782133
16499385262716610249
16499385262811807363
16499385262904350833
16499385263001041473
16499385263093359769
16499385263192722969
16499385263286081609
16499385263382514479
16499385263478356963
16499385263572913923
16499385263671995099
16499385263763288959
16499385263862336773
16499385263953328033
16499385264050406089
16499385264146185629
16499385264240216669
16499385264339124673
16499385264433388319
16499385264531093553
16499385264623832023
16499385264722751893
16499385264816619043
16499385264913043393
16499385265009655709
16499385265103465813
16499385265202907919
16499385265296780423
16499385265395720853
16499385265487325813
16499385265585328669
16499385265680261549
16499385265775445713
16499385265870444169
16499385265961931523
16499385266063805439
16499385266156755199
16499385266255372299
16499385266349296859
16499385266444300273
16499385266540771843
16499385266634603073
16499385266735624213
16499385266826996583
16499385266925524053
16499385267015185703
16499385267114389099
16499385267208615683
16499385267306558169
16499385267403031769
16499385267494812823
16499385267593228089
16499385267684677679
16499385267781368879
16499385267874238079
16499385267971492969
16499385268067698593
16499385268163736669
16499385268261792453
16499385268353235383
16499385268449925093
16499385268542272453
16499385268641489543
16499385268734532459
16499385268833412889
16499385268928253179
16499385269019998319
16499385269118250033
16499385269216927149
16499385269317329763
16499385269408221229
16499385269507005893
16499385269600759369
16499385269693396909
16499385269788308489
16499385269881592509
16499385269978056833
16499385270069625519
16499385270167470563
16499385270258719439
16499385270364041999
16499385270459683759
16499385270553441849
16499385270649286939
16499385270742917043
16499385270840132673
16499385270932997623
16499385271032191949
16499385271124758379
16499385271219330889
16499385271313504889
16499385271407713143
16499385271505418779
16499385271599210379
16499385271698673579
16499385271791512219
16499385271888181923
16499385271981031493
16499385272078579919
16499385272176263869
16499385272271352293
16499385272371219019
16499385272462248799
16499385272561353093
16499385272653110833
16499385272750365369
16499385272846253049
16499385272944617369
16499385273043435579
16499385273138100853
16499385273237567209
16499385273328600699
16499385273428345543
16499385273521920293
16499385273631757063
16499385273729892139
16499385273835474889
16499385273931776829
16499385274039282699
16499385274137051839
16499385274239707383
16499385274338746719
16499385274438456003
16499385274538698089
16499385274634491339
16499385274739329633
16499385274836469153
16499385274943657623
16499385275039334399
16499385275138405363
16499385275234093603
16499385275329650183
16499385275428411179
16499385275524953473
16499385275626696823
16499385275724487279
16499385275824698963
16499385275924406619
16499385276018867099
16499385276113669609
16499385276207352673
16499385276300312993
16499385276391682033
16499385276491603923
16499385276586097733
16499385276680804159
16499385276777666829
16499385276869485473
16499385276963864663
16499385277057851443
16499385277155125609
16499385277249569049
16499385277345413013
16499385277440854429
16499385277536257653
16499385277633219049
16499385277726903979
16499385277824301443
16499385277917067683
16499385278014695739
16499385278108726219
16499385278205178513
16499385278302401363
16499385278395093549
16499385278492403439
16499385278585077073
16499385278684242879
16499385278775931179
16499385278871899049
16499385278965906939
16499385279059896673
16499385279155578433
16499385279247941919
16499385279346050113
16499385279438797093
16499385279537597523
16499385279629620639
16499385279729465679
16499385279822565069
16499385279917975523
16499385280015766349
16499385280109347579
16499385280209852429
16499385280301457019
16499385280397267653
16499385280489104833
16499385280585164569
16499385280681030933
16499385280776309199
16499385280874132033
16499385280968207703
16499385281067400533
16499385281158944029
16499385281257486103
16499385281351361609
16499385281449693149
16499385281546263979
16499385281640457223
16499385281740291333
16499385281833584983
16499385281934117603
16499385282024529063
16499385282124409679
16499385282218555333
16499385282316345393
16499385282410319789
16499385282503428429
16499385282599396859
16499385282693494009
16499385282792697209
16499385282884831223
16499385282984071839
16499385283080533039
16499385283174867203
16499385283272130243
16499385283364485949
16499385283462314539
16499385283554184103
16499385283654601199
16499385283746550409
16499385283843854353
16499385283938540409
16499385284031397019
16499385284130199849
16499385284223226263
16499385284318740433
16499385284410081339
16499385284509961173
16499385284604398323
16499385284699569369
16499385284794684649
16499385284885991839
16499385284984980409
16499385285077311659
16499385285175808743
16499385285266927413
16499385285364596749
16499385285458941679
16499385285552012343
16499385285646636903
16499385285739222033
16499385285836961173
16499385285931330189
16499385286032582423
16499385286127253839
16499385286226002773
16499385286324822643
16499385286420880503
16499385286518017253
16499385286611221469
16499385286706702489
16499385286799048903
16499385286896725099
16499385286993212219
16499385287089153413
16499385287185159259
16499385287276948643
16499385287374348343
16499385287469226963
16499385287567286293
16499385287659995873
16499385287758030743
16499385287852016249
16499385287947196719
16499385288044040139
16499385288136671929
16499385288231885739
16499385288326647683
16499385288423294053
16499385288514091253
16499385288612100589
16499385288705061813
16499385288797071789
16499385288894692023
16499385288988796213
16499385289085666663
16499385289176720719
16499385289274000059
16499385289366927393
16499385289464807839
16499385289558164079
16499385289650998823
16499385289745515783
16499385289840623309
16499385289939622423
16499385290031313863
16499385290127070803
16499385290220080563
16499385290315939733
16499385290413355929
16499385290506834939
16499385290604731283
16499385290696583849
16499385290790711929
16499385290882229093
16499385290980539893
16499385291074402053
16499385291166771443
16499385291264293553
16499385291357978139
16499385291451778423
16499385291545482243
16499385291640834029
16499385291733628213
16499385291839168183
16499385291934214023
16499385292030017279
16499385292127427523
16499385292219660269
16499385292315668329
16499385292410356563
16499385292509766243
16499385292603346009
16499385292700063869
16499385292795475629
16499385292889647039
16499385292982833813
16499385293077534663
16499385293172618669
16499385293267987289
16499385293364758833
16499385293457336933
16499385293554001099
16499385293648659893
16499385293743100743
16499385293840141769
16499385293934505019
16499385294028349573
16499385294119616399
16499385294214419839
16499385294308864753
16499385294405468903
16499385294498699953
16499385294592278429
16499385294687833339
16499385294781270663
16499385294879116103
16499385294970623473
16499385295068412803
16499385295161713869
16499385295255685073
16499385295351477763
16499385295445396969
16499385295543394809
16499385295636745473
16499385295733169443
16499385295824234249
16499385295919862489
16499385296013292429
16499385296108178993
16499385296206243149
16499385296300012159
16499385296398384619
16499385296490490483
16499385296588571679
16499385296680296433
16499385296773952663
16499385296868654993
16499385296962521223
16499385297058637793
16499385297149648699
16499385297246031363
16499385297338762983
16499385297436153603
16499385297530979633
16499385297626556033
16499385297722893713
16499385297811224263
16499385297907796589
16499385298004197953
16499385298097459553
16499385298190055629
16499385298286254593
16499385298380953049
16499385298474962773
16499385298572009333
16499385298664229843
16499385298760722719
16499385298854125793
16499385298951426809
16499385299044669709
16499385299141174799
16499385299237262643
16499385299331191849
16499385299427007869
16499385299518128743
16499385299613879039
16499385299706062699
16499385299808349543
16499385299900871919
16499385299996857363
16499385300091747093
16499385300183331313
16499385300280177339
16499385300372973019
16499385300469861413
16499385300561301949
16499385300659223499
16499385300753668593
16499385300849139063
16499385300948023923
16499385301039668513
16499385301135081039
16499385301231615553
16499385301327258989
16499385301417705623
16499385301514480719
16499385301608207689
16499385301702318169
16499385301795158479
16499385301890039683
16499385301991302113
16499385302083869843
16499385302182283603
16499385302273867279
16499385302371324563
16499385302465380059
16499385302558688133
16499385302656388589
16499385302749921843
16499385302844893439
16499385302936371369
16499385303030884809
16499385303128494879
16499385303225064219
16499385303317735073
16499385303411854649
16499385303506822513
16499385303599253393
16499385303695942559
16499385303787462889
16499385303884653709
16499385303976810509
16499385304071002273
16499385304165928673
16499385304259382699
16499385304355965173
16499385304449940853
16499385304547796299
16499385304639513283
16499385304737728903
16499385304832945499
16499385304926320429
16499385305020765893
16499385305113435679
16499385305212404989
16499385305306727689
16499385305406202163
16499385305497733973
16499385305592974829
16499385305685509039
16499385305779409899
16499385305876417923
16499385305968204913
16499385306064245019
16499385306157055873
16499385306257094079
16499385306353382853
16499385306450335713
16499385306544724169
16499385306641011093
16499385306736221949
16499385306827821523
16499385306927002889
16499385307018082299
16499385307117923623
16499385307211995229
16499385307312320639
16499385307413477493
16499385307510603519
16499385307608748933
16499385307706556773
16499385307805927769
16499385307902945603
16499385308002519543
16499385308100708139
16499385308198648569
16499385308295983073
16499385308394068693
16499385308489067873
16499385308584547979
16499385308683461543
16499385308778393683
16499385308870221043
16499385308967322799
16499385309064160833
16499385309159039469
16499385309254957519
16499385309354003869
16499385309452651683
16499385309546370159
16499385309637556033
16499385309727809713
16499385309816967869
16499385309908521899
16499385310003879203
16499385310096795073
16499385310195526983
16499385310295777393
16499385310393808753
16499385310485014083
16499385310581277149
16499385310673093383
16499385310771287713
16499385310865945223
16499385310961455873
16499385311054592853
16499385311149096103
16499385311247043393
16499385311342181849
16499385311439543573
16499385311534403499
16499385311631168563
16499385311724138323
16499385311818703449
16499385311915783339
16499385312010098993
16499385312108074423
16499385312203942483
16499385312300485893
16499385312394569919
16499385312491118503
16499385312587025813
16499385312681521309
16499385312779163229
16499385312876169419
16499385312973632079
16499385313067062373
16499385313163275793
16499385313257370533
16499385313354311173
16499385313449844429
16499385313543947303
16499385313640390903
16499385313733934559
16499385313830535199
16499385313924138649
16499385314019774299
16499385314112781279
16499385314207730089
16499385314300299653
16499385314394314583
16499385314490387633
16499385314584132933
16499385314681056903
16499385314773837419
16499385314870953419
16499385314964487223
16499385315063580809
16499385315157412023
16499385315252359549
16499385315349896083
16499385315444383439
16499385315541078699
16499385315632365683
16499385315728718189
16499385315822155893
16499385315914751229
16499385316010992033
16499385316103453463
16499385316203709259
16499385316296046249
16499385316393098729
16499385316486979943
16499385316582178193
16499385316677727733
16499385316772471543
16499385316871408829
16499385316963006569
16499385317062907333
16499385317163615529
16499385317266777199
16499385317363740403
16499385317466452823
16499385317563302729
16499385317658396513
16499385317759053049
16499385317856734409
16499385317949225839
16499385318038041209
16499385318136537363
16499385318233704669
16499385318325783149
16499385318423957099
16499385318515108343
16499385318612093973
16499385318706374823
16499385318802227529
16499385318895345973
16499385318991967549
16499385319089216879
16499385319181593129
16499385319280725013
16499385319373082183
16499385319472077793
16499385319563544243
16499385319661947813
16499385319755693493
16499385319866937659
16499385319961929973
16499385320058446723
16499385320155088103
16499385320262353043
16499385320357853333
16499385320454770829
16499385320552384583
16499385320644288243
16499385320742546083
16499385320838049529
16499385320934906459
16499385321031605973
16499385321126530719
16499385321223163579
16499385321314741499
16499385321411683413
16499385321503253949
16499385321598811999
16499385321692536379
16499385321787251119
16499385321884460079
16499385321978062773
16499385322073680109
16499385322165040983
16499385322264192883
16499385322359741683
16499385322454348643
16499385322549814663
16499385322638900969
16499385322737963419
16499385322832167043
16499385322931131549
16499385323025537013
16499385323121942299
16499385323215369253
16499385323308962729
16499385323407544433
16499385323510453529
16499385323611356503
16499385323706244589
16499385323806799603
16499385323903793013
16499385323999010719
16499385324098075013
16499385324190198319
16499385324290386483
16499385324385527899
16499385324489050489
16499385324584295769
16499385324683716723
16499385324781480329
16499385324876786719
16499385324977097129
16499385325073879043
16499385325172992809
16499385325269930109
16499385325367070723
16499385325465874673
16499385325565623043
16499385325660828719
16499385325755102719
16499385325851448909
16499385325944061449
16499385326039098023
16499385326134469223
16499385326233994083
16499385326326956079
16499385326422222273
16499385326519084219
16499385326612190829
16499385326709208113
16499385326802378423
16499385326898081499
16499385326991406809
16499385327085821713
16499385327181152939
16499385327274240453
16499385327373229953
16499385327465008053
16499385327559838903
16499385327652261443
16499385327748468959
16499385327840274649
16499385327936916959
16499385328031985759
16499385328124644779
16499385328221323363
16499385328312871473
16499385328411601893
16499385328505992563
16499385328601654883
16499385328695157049
16499385328791910263
16499385328888832753
16499385328981911229
16499385329078369073
16499385329168423493
16499385329265173573
16499385329358772213
16499385329453772699
16499385329545154329
16499385329641711063
16499385329738971339
16499385329831757579
16499385329931011519
16499385330022053873
16499385330118335443
16499385330211305573
16499385330309000453
16499385330403590373
16499385330497185683
16499385330593616133
16499385330685779973
16499385330780140643
16499385330871428753
16499385330969282169
16499385331063487633
16499385331160189013
16499385331256440219
16499385331349053499
16499385331448622053
16499385331539825359
16499385331634451769
16499385331728852249
16499385331825683603
16499385331918736693
16499385332013646243
16499385332110758533
16499385332202762753
16499385332298103049
16499385332397822349
16499385332493494109
16499385332586245153
16499385332683533389
16499385332777722003
16499385332871395659
16499385332964218749
16499385333059037929
16499385333156255039
16499385333247414433
16499385333344076569
16499385333437067413
16499385333533039929
16499385333628117603
16499385333720069973
16499385333815491929
16499385333907618903
16499385334004955289
16499385334097442649
16499385334193892903
16499385334287365063
16499385334382885713
16499385334476077313
16499385334569966889
16499385334665851223
16499385334758275449
16499385334855004963
16499385334949640269
16499385335045401099
16499385335140096933
16499385335233978539
16499385335326926079
16499385335423172263
16499385335517421073
16499385335610775289
16499385335715180089
16499385335811920909
16499385335911196509
16499385336007470479
16499385336104823313
16499385336202817469
16499385336298127553
16499385336394595973
16499385336487369819
16499385336584947653
16499385336676498163
16499385336771808453
16499385336866160059
16499385336960238879
16499385337057774483
16499385337149142593
16499385337245746193
16499385337339745383
16499385337436737123
16499385337529700033
16499385337632286909
16499385337729410673
16499385337828954429
16499385337930156489
16499385338024625473
16499385338117706539
16499385338219265449
16499385338315567923
16499385338407863623
16499385338511822139
16499385338604081893
16499385338706494699
16499385338800968509
16499385338904010729
16499385338997758613
16499385339093226113
16499385339190806009
16499385339284680003
16499385339382667309
16499385339481322343
16499385339578674643
16499385339671082009
16499385339762654913
16499385339859268159
16499385339952408453
16499385340049629659
16499385340141704799
16499385340238109683
16499385340331760723
16499385340428281173
16499385340524667553
16499385340617767873
16499385340714814053
16499385340804006649
16499385340899862299
16499385340995302029
16499385341092440249
16499385341187527759
16499385341283935973
16499385341381337893
16499385341475145233
16499385341572258643
16499385341663894729
16499385341761632373
16499385341853776773
16499385341947742459
16499385342040928319
16499385342134473999
16499385342230736859
16499385342324162169
16499385342420295013
16499385342515384003
16499385342614204423
16499385342706017713
16499385342801755419
16499385342897657549
16499385342992074319
16499385343087636433
16499385343180082139
16499385343275082799
16499385343367766803
16499385343463393019
16499385343558015703
16499385343652810459
16499385343749736089
16499385343844222489
16499385343935964299
16499385344034773603
16499385344133020883
16499385344225138053
16499385344322767943
16499385344416016583
16499385344512171689
16499385344606755309
16499385344699253573
16499385344793903493
16499385344888194343
16499385344983021689
16499385345075067199
16499385345172333553
16499385345267550503
16499385345361117679
16499385345458597929
16499385345550772509
16499385345646185553
16499385345740742513
16499385345839683863
16499385345931514193
16499385346029882409
16499385346127100639
16499385346220867049
16499385346318488213
16499385346412893709
16499385346509541733
16499385346604371843
16499385346704442079
16499385346796288889
16499385346896012613
16499385346990249039
16499385347085596343
16499385347182333463
16499385347274033233
16499385347371559413
16499385347463737529
16499385347561752589
16499385347653937153
16499385347748906719
16499385347845734563
16499385347938855439
16499385348036070699
16499385348128029359
16499385348226695899
16499385348318747519
16499385348416614619
16499385348511844513
16499385348608631633
16499385348705549499
16499385348798034639
16499385348896186723
16499385348987952059
16499385349088404113
16499385349185028273
16499385349282818729
16499385349377583253
16499385349470088023
16499385349568305863
16499385349662876349
16499385349761242323
16499385349854777623
16499385349953109179
16499385350046258749
16499385350143763623
16499385350241302213
16499385350334811049
16499385350434297209
16499385350527585289
16499385350625000903
16499385350717299389
16499385350808022139
16499385350905189043
16499385351002943923
16499385351102558429
16499385351194885789
16499385351293139919
16499385351384483573
16499385351481618273
16499385351577226513
16499385351670945893
16499385351769096883
16499385351862203129
16499385351958840989
16499385352050716319
16499385352148943789
16499385352239955229
16499385352335208109
16499385352432126133
16499385352524679783
16499385352622097443
16499385352713794993
16499385352809465093
16499385352901371523
16499385353003314503
16499385353096254649
16499385353191875653
16499385353289229629
16499385353382902323
16499385353479426483
16499385353574179363
16499385353672917949
16499385353766113999
16499385353875991123
16499385353968786079
16499385354063579519
16499385354157897013
16499385354250259209
16499385354349427203
16499385354441812719
16499385354538995759
16499385354631620503
16499385354728849849
16499385354822256829
16499385354918463579
16499385355014339393
16499385355108081363
16499385355205089953
16499385355296980299
16499385355395651469
16499385355488301393
16499385355586128329
16499385355681198963
16499385355775186509
16499385355872000083
16499385355964291893
16499385356061585499
16499385356154380053
16499385356253933999
16499385356347395789
16499385356443022353
16499385356537787633
16499385356630825173
16499385356728714139
16499385356821882779
16499385356921418009
16499385357011862989
16499385357111912823
16499385357206775153
16499385357301929149
16499385357398129413
16499385357492444719
16499385357590302009
16499385357683897129
16499385357779539999
16499385357871637893
16499385357968862989
16499385358062664193
16499385358155573599
16499385358254628823
16499385358348431549
16499385358446644569
16499385358540191523
16499385358640438429
16499385358734420563
16499385358832640639
16499385358927331653
16499385359018111063
16499385359116748163
16499385359209841253
16499385359307442803
16499385359397290183
16499385359498395039
16499385359590039629
16499385359685262319
16499385359779895209
16499385359872235899
16499385359969360023
16499385360061573863
16499385360159601713
16499385360251618719
16499385360350069863
16499385360444411289
16499385360538471383
16499385360633112809
16499385360727958263
16499385360825512593
16499385360920136213
16499385361018327013
16499385361111036033
16499385361205918559
16499385361301264399
16499385361396008003
16499385361492185873
16499385361585018773
16499385361684924743
16499385361776876913
16499385361876534939
16499385361968608409
16499385362065316803
16499385362160544139
16499385362255794799
16499385362354337999
16499385362446835893
16499385362544603199
16499385362639730323
16499385362740516479
16499385362840338723
16499385362943025393
16499385363042247869
16499385363142978639
16499385363245264373
16499385363343277039
16499385363441520619
16499385363535421093
16499385363633444483
16499385363730715869
16499385363827122619
16499385363928241333